Id,SalePrice
1461,128464.64718415578
1462,148274.39286023067
1463,171780.71721403426
1464,193666.9356158019
1465,200414.13243519873
1466,178015.67478496337
1467,170381.35625473253
1468,174299.23715322715
1469,192738.54130773182
1470,125795.74153128733
1471,182391.7876503884
1472,94462.47250892465
1473,105230.98247837051
1474,153613.9141152858
1475,139193.56571619553
1476,406530.19072320114
1477,237283.96028352942
1478,321072.21099605446
1479,298887.9397490595
1480,377512.11578247603
1481,334944.1075824733
1482,201047.02511210158
1483,176652.25868075268
1484,169767.42503020843
1485,170933.72764552597
1486,204082.54899314966
1487,354364.3198183729
1488,248726.97334970834
1489,215163.66897487463
1490,191315.84380958902
1491,186684.56137383392
1492,84856.44877298502
1493,172212.6371652386
1494,257619.8015124353
1495,260693.9227676827
1496,222368.50469960732
1497,194375.53439635786
1498,158210.91396680116
1499,155886.27894673208
1500,160698.7265262563
1501,169633.73734193857
1502,176033.25002507196
1503,310781.1028646554
1504,229379.46688358183
1505,208090.31405651232
1506,187783.22935164766
1507,224251.47148930514
1508,187516.82353723524
1509,167155.30465549874
1510,148100.02033433935
1511,147267.95120628228
1512,150241.5343646607
1513,145828.62518420012
1514,139585.93684488305
1515,159010.687910363
1516,150213.23130222934
1517,162224.37294320654
1518,137108.70983459285
1519,208929.7276894686
1520,140745.01274357465
1521,149053.99908309968
1522,165777.06063018384
1523,125160.43220389946
1524,131743.54986109785
1525,124232.01802813518
1526,122806.94428413839
1527,113068.10501766785
1528,129430.67755922135
1529,144314.929145483
1530,161104.5510600745
1531,107534.31754628198
1532,91660.56503524457
1533,126687.3370169981
1534,121198.18318744838
1535,150900.17608686571
1536,117634.47131121343
1537,61167.223027557484
1538,152221.21963074393
1539,220092.65536400417
1540,99323.9870906714
1541,171202.78995178427
1542,155945.01822972257
1543,229030.2282646945
1544,72776.41438136106
1545,97895.67177466217
1546,127131.9628402004
1547,126755.75810975592
1548,130967.58355002129
1549,110581.28599456744
1550,143799.36272747253
1551,118588.53759099166
1552,157089.61218129256
1553,132010.72708631738
1554,112970.27836320919
1555,178247.73480642555
1556,114589.7036259652
1557,114290.58498326543
1558,99729.11971635433
1559,92915.29608170498
1560,141138.34364369104
1561,137006.9070794114
1562,139903.453106902
1563,123866.95765225768
1564,156384.54100519052
1565,162112.2944239109
1566,221639.38436339982
1567,69850.776118087
1568,215869.81870593224
1569,158038.6140731571
1570,143422.87768455842
1571,119102.9831287988
1572,141193.98912396329
1573,238845.14807904133
1574,131211.70012139334
1575,202284.79460496397
1576,206448.28080465193
1577,209256.01088717722
1578,145730.70073205364
1579,135438.7043631323
1580,185785.25568820458
1581,146255.52144170826
1582,126023.83832349927
1583,321280.5871066792
1584,227124.65380054415
1585,136072.86127161104
1586,59960.79677457852
1587,103376.50821222586
1588,157256.42247378183
1589,104901.1552178275
1590,143668.679718129
1591,97922.98897882593
1592,138012.4262807896
1593,116622.14952431673
1594,133586.97383242386
1595,123577.13796700847
1596,231815.1712525726
1597,210716.8166011364
1598,184551.12177601337
1599,196186.9772575221
1600,191336.75533047246
1601,76228.29048211781
1602,120801.86188667938
1603,81552.66136820527
1604,269219.2203515558
1605,240006.27542670342
1606,175249.91079028964
1607,162543.09813438344
1608,227464.50017313295
1609,212002.04741791965
1610,166811.06988072698
1611,149583.8541487575
1612,166700.3047751061
1613,157130.1095427555
1614,117814.72968484045
1615,80563.93554646506
1616,73563.20822304377
1617,81394.71817884897
1618,130690.0636830599
1619,125692.48980378476
1620,149223.25100269468
1621,142612.50070956396
1622,151148.26052692794
1623,265685.3051018868
1624,199542.14965736063
1625,120537.37848377845
1626,165047.34943469267
1627,190126.3552718597
1628,255922.60030936843
1629,182180.79962614566
1630,314424.0551389385
1631,222782.38002897077
1632,254635.7669557008
1633,169116.77639066635
1634,187030.82517547195
1635,179667.19433542126
1636,167404.56514871612
1637,182230.21916129178
1638,203121.12330337564
1639,194990.5461006223
1640,249190.30263461405
1641,192785.79077981404
1642,234288.8860828949
1643,228944.06210613012
1644,239995.12940851113
1645,181481.4174522776
1646,155205.16634748722
1647,161246.77762908742
1648,142847.49029086783
1649,142138.41460428736
1650,114039.72175201813
1651,117055.58435013182
1652,99224.09906786139
1653,103501.52240503106
1654,150946.4519372135
1655,145223.5159652201
1656,146135.7278136543
1657,148943.63369665007
1658,145858.46425534014
1659,142007.54822048458
1660,149943.92592664942
1661,447040.6283237009
1662,431885.33317603485
1663,379610.7381482147
1664,466865.25770228496
1665,322729.0809780035
1666,297319.4840531981
1667,347364.2526471931
1668,359685.56052190426
1669,307000.14674483554
1670,346918.5074219974
1671,262626.08480422985
1672,436517.73091008613
1673,293720.70479206915
1674,257522.88095511362
1675,189689.054648307
1676,194074.26464948495
1677,222327.80686215055
1678,449175.17390938266
1679,363283.8364640997
1680,369088.3109362792
1681,295633.5235703551
1682,298190.4669265586
1683,177612.77957795898
1684,173385.66743928232
1685,176004.9625065932
1686,170324.19413834592
1687,171645.11896574518
1688,188098.6189116165
1689,192745.91689914544
1690,182693.66629437017
1691,166518.73467255002
1692,241629.18734875854
1693,174713.07800531018
1694,188929.9625386719
1695,169584.83663766514
1696,248146.0027342518
1697,177182.86529948312
1698,334238.4754262383
1699,347286.7085369424
1700,254956.35078758534
1701,247813.92920831422
1702,257515.64888756748
1703,250701.15764073655
1704,282440.69237030286
1705,251136.0030587053
1706,524086.81136702094
1707,225054.55120965716
1708,212068.0414930967
1709,292095.47380181955
1710,255890.05062913982
1711,259255.55891859863
1712,240185.611441612
1713,230533.63222070286
1714,209797.90846482036
1715,207137.17338561657
1716,163957.59346270122
1717,165518.0634587308
1718,138945.7141603164
1719,197905.53299400237
1720,254836.743670261
1721,154045.82039002306
1722,127560.16309461149
1723,160832.35198875924
1724,212885.40402516432
1725,244393.59616818692
1726,195351.81691784883
1727,164968.11607001917
1728,176293.85938870796
1729,166137.16920969365
1730,160445.61909432735
1731,127577.6107092557
1732,121609.08815239996
1733,120723.37508996391
1734,127694.30702476772
1735,130771.82876987371
1736,117103.06563670686
1737,363428.97701273597
1738,237739.24451769204
1739,245438.63872689358
1740,223699.86927780334
1741,200649.45066529347
1742,168566.4344187249
1743,181353.68531805716
1744,291524.5218549274
1745,266565.96315570135
1746,264991.67863044364
1747,240545.71941535655
1748,231921.387327605
1749,161842.2714228972
1750,152328.8129285333
1751,255724.86061166832
1752,119289.87711347821
1753,142825.8348385984
1754,203549.36201032062
1755,179956.77402174225
1756,116567.33880636583
1757,123333.16158780605
1758,146444.24352488737
1759,143625.7261811742
1760,150507.63563638576
1761,145788.0342145744
1762,183108.3123692351
1763,166108.27405583565
1764,122793.14752038247
1765,143799.7890627194
1766,152479.87484954606
1767,172886.7664584168
1768,134763.31520232893
1769,160955.42588689754
1770,138528.82312186767
1771,129586.80644492843
1772,131170.0366031974
1773,137805.52621408238
1774,141094.47239807725
1775,145756.1108421591
1776,132099.3435458198
1777,113882.42263532626
1778,143605.9911474422
1779,129779.89242327616
1780,186903.77003479237
1781,130960.81616234999
1782,98561.66463097208
1783,126169.9362765591
1784,97776.23260816454
1785,108526.33660804045
1786,146285.31165606872
1787,176675.19295087742
1788,46348.191720432456
1789,77116.40691585535
1790,79599.7073945438
1791,166001.57553888706
1792,146820.860471417
1793,130834.38343461616
1794,141994.0625270616
1795,138049.12997353033
1796,142093.45222146445
1797,119812.66976414165
1798,126678.7067701954
1799,122875.1866503077
1800,140036.93064123584
1801,130875.9160626174
1802,150506.14874200895
1803,146693.34484204958
1804,140209.19539924283
1805,134755.25529825257
1806,119966.14526567522
1807,114753.48266523676
1808,122288.55947400555
1809,119971.85713683238
1810,146777.41205788794
1811,95003.31132845173
1812,102448.90603206705
1813,124294.45546783318
1814,89806.24321987039
1815,56119.99791962526
1816,106120.309221593
1817,127415.42904333564
1818,146239.65669672374
1819,122726.72265490906
1820,75189.47864520398
1821,119136.23588946131
1822,168896.04018829472
1823,40415.788042838394
1824,126484.68881089281
1825,142068.97938364447
1826,113355.50854367975
1827,99791.60337405615
1828,118565.47511472914
1829,118057.31918656608
1830,141911.70574953716
1831,141887.88986003379
1832,107138.9006500557
1833,123411.5348274652
1834,138393.242506257
1835,168447.49515421645
1836,125286.70480063488
1837,84930.20204953039
1838,125925.4458253022
1839,81579.57606504048
1840,177863.9144473282
1841,157103.32975056343
1842,89414.0120145383
1843,130516.7874206874
1844,136453.00077927148
1845,138113.4757819858
1846,146018.679015365
1847,163819.46786529082
1848,51919.256672193565
1849,124254.01515670937
1850,131931.0160325952
1851,140271.5134192787
1852,115355.021188821
1853,137672.01731153394
1854,175228.91869067372
1855,169084.1307011372
1856,222334.29727629447
1857,123762.93242717154
1858,146280.63123693687
1859,118479.03507031455
1860,158686.82496122702
1861,118270.11654099516
1862,286052.6497077133
1863,284399.41021501215
1864,284399.41021501215
1865,385494.5144187578
1866,349839.01646766847
1867,233789.3615431916
1868,295409.570649659
1869,196221.61093543103
1870,222803.6650193583
1871,294237.1667089126
1872,162231.06001663857
1873,227347.1499466954
1874,133552.9280968367
1875,200367.38536603178
1876,210005.06817141184
1877,196400.89188973652
1878,230485.5785296988
1879,131194.4223825944
1880,132475.7731803022
1881,223557.27017349433
1882,234422.22322847028
1883,197116.50083951547
1884,213177.9483637306
1885,239473.39490236278
1886,285201.0073592233
1887,185971.6088814939
1888,255246.9758747961
1889,162132.28463652625
1890,121247.53108992284
1891,142610.50763463866
1892,105353.81981479074
1893,125512.550428218
1894,114856.02989765395
1895,140238.25461005958
1896,124311.45522258479
1897,114034.84063474198
1898,114641.93246728317
1899,153081.76467036887
1900,162879.03880229138
1901,161665.72772364973
1902,141743.9876551519
1903,233638.0640210454
1904,150767.04078969313
1905,201121.78197404413
1906,169272.26722553352
1907,230024.209640106
1908,122207.20395356113
1909,129145.6567705334
1910,125716.31075282647
1911,191458.1169990546
1912,304677.52447024256
1913,151634.4802867354
1914,44275.42273017467
1915,364927.4748195196
1916,60353.79114972053
1917,238786.4397107415
1918,135024.5752428148
1919,169900.56541980268
1920,164175.20536454822
1921,407938.3631044074
1922,347098.44936939166
1923,247435.7360013125
1924,214479.96758392613
1925,241564.09823727008
1926,389470.85842459457
1927,132059.69164578366
1928,151437.37354921133
1929,113362.2782577641
1930,153922.5427008316
1931,139583.73853946864
1932,138414.34450483666
1933,178563.00929009507
1934,189646.56173529613
1935,178196.5341276369
1936,198272.47151023766
1937,188751.65488733756
1938,174115.27019414635
1939,274540.1855224562
1940,198307.71526131383
1941,176391.35599460968
1942,193334.52209603006
1943,181900.30758449476
1944,350446.64429743926
1945,358958.08616198186
1946,167741.93105048378
1947,313253.077026368
1948,180192.06570319063
1949,237705.48067032194
1950,179713.1902992555
1951,242282.5789186772
1952,241536.2362662944
1953,169325.87349637382
1954,212088.55434330378
1955,139653.19657062876
1956,270816.7518815484
1957,174541.45340635092
1958,273393.1825377311
1959,138033.99346851758
1960,115008.54605995213
1961,124199.24021821664
1962,98802.72753639503
1963,103234.96976064036
1964,117333.9792929259
1965,154528.18354266402
1966,143265.6304481413
1967,311016.80000501964
1968,430396.91464162874
1969,365344.50033563224
1970,430679.75551542826
1971,392915.9320634169
1972,371922.8518161565
1973,293661.6885330399
1974,331188.364232541
1975,502765.6681165074
1976,262784.2168303565
1977,334648.60838354885
1978,354359.29637913354
1979,362760.9184170808
1980,195479.99065836982
1981,331498.40889282926
1982,256008.95943552782
1983,251542.64921691103
1984,169942.48494948767
1985,200247.91934763882
1986,207377.9132553622
1987,198020.4972887645
1988,179783.15502375565
1989,185125.93990391114
1990,213574.71566328083
1991,226062.7227269693
1992,224502.8291112188
1993,161801.7206520309
1994,240214.76726794892
1995,178750.00927772874
1996,238739.23736853668
1997,314357.6949006097
1998,353828.4480208514
1999,266900.59667443094
2000,283476.3742542443
2001,269927.2425586909
2002,213721.18390562054
2003,259930.16264919398
2004,287900.9126377329
2005,231568.98079773242
2006,236389.69628752765
2007,248566.30431039078
2008,207696.59886229344
2009,193289.20437115763
2010,176520.41802220888
2011,156283.67621052318
2012,175321.18633398553
2013,187273.92130985713
2014,182859.1745615742
2015,194720.85953972276
2016,195430.00478295493
2017,201212.06708167147
2018,127044.73698515413
2019,130406.1977503665
2020,101689.51482200717
2021,128814.36046837187
2022,175207.8425295929
2023,156152.58849459467
2024,222065.553443629
2025,441477.58306009555
2026,188689.9599344358
2027,161361.8344975725
2028,147187.57742405473
2029,176484.87788663615
2030,298582.55178407533
2031,257667.07963025867
2032,269482.2238724885
2033,277348.40248856676
2034,160432.0328422161
2035,219394.9947845593
2036,175542.4486753732
2037,174505.79380577957
2038,358459.2326490656
2039,198234.88188941087
2040,440156.5529461534
2041,287704.55973899993
2042,207448.18713247718
2043,174516.79928398112
2044,193743.5414680779
2045,208435.19989188568
2046,142387.99539279216
2047,155235.86736894216
2048,143081.47116654442
2049,132082.09616918652
2050,167796.73152300876
2051,116300.96881669202
2052,124323.89795759539
2053,144307.11267773295
2054,88185.15534620978
2055,158535.26579063255
2056,143882.73214189216
2057,125932.88111812284
2058,195452.77650798816
2059,148545.90159161788
2060,163818.62503172198
2061,169415.3454293243
2062,135292.08737816758
2063,113681.07042925857
2064,138196.54099273816
2065,115074.53891096765
2066,171207.17083913065
2067,129357.4794540306
2068,124154.35799804558
2069,77932.89390333719
2070,116726.36519097112
2071,94723.2250157024
2072,153357.38287960674
2073,127275.86372368244
2074,174217.3048827724
2075,148981.10534206848
2076,117032.29523156189
2077,144346.47985491416
2078,128288.88596755736
2079,135698.45938018634
2080,123991.27400341394
2081,120085.56685472843
2082,132192.77951582609
2083,152959.70513321154
2084,109999.85369499387
2085,138608.7811966203
2086,115531.62124518819
2087,121874.76219819346
2088,106089.902250731
2089,100255.5060813291
2090,137657.6782443226
2091,117563.12361224472
2092,131350.2487391798
2093,128430.71903148259
2094,139336.4410472068
2095,141166.9736142005
2096,94866.3016728268
2097,101027.83710387656
2098,149606.58008877028
2099,47863.2099785602
2100,137395.64314763655
2101,125237.67508009111
2102,143999.56096528663
2103,108469.89789576166
2104,117648.02716123241
2105,126425.2882647194
2106,69204.44951003324
2107,239908.67718114218
2108,111882.6448420779
2109,109656.21894498295
2110,113008.54472184356
2111,148840.18033326574
2112,145047.85551228526
2113,123314.46915116499
2114,111143.44950979049
2115,146390.7223120992
2116,106831.83525592483
2117,163990.32955473257
2118,122350.2953668337
2119,104667.5751058698
2120,107013.11003302093
2121,96317.26352850342
2122,93274.83677813137
2123,95519.86947171034
2124,184746.1128413667
2125,137771.94410983947
2126,167578.34327921347
2127,131798.60062370542
2128,141173.43240623674
2129,109651.34176136178
2130,131802.78336911922
2131,140352.3405587543
2132,110943.04208277358
2133,112930.59150488189
2134,119776.6418456971
2135,105350.15494340917
2136,69513.63984628448
2137,102194.10915458974
2138,134952.01672789067
2139,147779.89097677468
2140,133492.675631449
2141,134341.86401001734
2142,141203.3329718852
2143,160975.04732936565
2144,104327.18463445752
2145,128530.57456204109
2146,161223.87118673362
2147,176701.0822834687
2148,125658.55167335528
2149,136642.11759931908
2150,215503.8196902873
2151,131226.39860229116
2152,160562.8675473105
2153,141767.41755596446
2154,96650.06108832116
2155,121730.75215558065
2156,241973.15653230427
2157,212536.47382680394
2158,238932.76446696787
2159,228361.26906494307
2160,168025.2839387069
2161,247931.11032839934
2162,341162.42827196105
2163,328339.60165109695
2164,258558.2311119329
2165,218875.68483002213
2166,134316.74804782902
2167,202929.6106891724
2168,213860.1141237194
2169,201443.9310088169
2170,228340.93614436843
2171,160846.12663224607
2172,137851.0097466882
2173,181691.42712995544
2174,223589.58824904507
2175,280557.16445197124
2176,301464.89961562405
2177,257634.33418542854
2178,222025.749763577
2179,148863.20479567297
2180,215853.79279499268
2181,204720.09526139856
2182,222761.42321265244
2183,193181.7509063806
2184,128805.77917544499
2185,131742.09551907683
2186,142291.19227611212
2187,152384.06533983257
2188,155986.6530804757
2189,108242.01170203771
2190,81314.0724201199
2191,81712.0718019986
2192,89614.56671722641
2193,93164.08797990685
2194,104283.69529640567
2195,110314.74220616455
2196,104109.05824904647
2197,114631.11729945843
2198,150663.77085673678
2199,156967.89048107708
2200,154654.82544009123
2201,156499.65702288516
2202,194757.5036156346
2203,164834.62560941055
2204,198569.25379104746
2205,133884.08106127815
2206,154701.13101884123
2207,246556.3770990021
2208,233837.7789435588
2209,179408.21236602226
2210,136923.13154669656
2211,110704.92886603512
2212,115830.21735059662
2213,98826.36542328136
2214,148096.00971841
2215,99484.49214338917
2216,152580.3588120641
2217,67204.41121638354
2218,89791.93362414643
2219,74871.29999133016
2220,71172.62461967836
2221,365594.5018474602
2222,245271.3876573488
2223,248037.7377004622
2224,208463.26671907378
2225,132554.29288247638
2226,173682.4006639962
2227,203145.69963206822
2228,274357.98686616146
2229,236406.94742646714
2230,168699.5667869847
2231,217186.75526313213
2232,171250.1920825648
2233,192938.58459098465
2234,247297.91410490058
2235,203432.04800383424
2236,263642.71686879796
2237,350343.84960158775
2238,207434.57307380892
2239,95640.26212075118
2240,159049.12267425974
2241,134525.26065624756
2242,122842.39999937447
2243,133671.7041542988
2244,93360.5638305219
2245,91729.95183651998
2246,147184.56567786486
2247,98484.87859662123
2248,127407.73978784784
2249,130873.68980190257
2250,134122.57650895315
2251,115490.39115848967
2252,158563.78389284323
2253,164880.48553244682
2254,192763.16784427702
2255,183782.52865456542
2256,182487.77100831288
2257,211625.09266670738
2258,175373.60645457712
2259,184187.671368606
2260,140662.7363368554
2261,183813.86000544135
2262,187826.28677776598
2263,351186.51056106715
2264,441076.0326790104
2265,167713.88889007602
2266,294503.0761003513
2267,380377.1345932942
2268,391144.43624119984
2269,152935.0524014739
2270,173774.1966600983
2271,222430.7441596188
2272,193281.5571215802
2273,169536.79414317207
2274,172110.91101678222
2275,180221.8551799241
2276,182110.8870158119
2277,183789.95091311433
2278,162119.86866910447
2279,132270.03720691035
2280,114825.88110489456
2281,170311.26613839396
2282,175070.37827977803
2283,100336.98305623978
2284,118936.60098152193
2285,143493.47180042794
2286,127277.56736192465
2287,349753.6165478991
2288,235337.94410576494
2289,378860.63104234636
2290,415354.21599178895
2291,308889.16359238303
2292,382328.3019341448
2293,414501.0861535103
2294,425347.89426577144
2295,427403.38564869744
2296,309830.41012370284
2297,338295.69942772266
2298,338904.5149569216
2299,406001.7709892629
2300,323737.89925123175
2301,291724.0868365024
2302,237264.6345113767
2303,260336.88729482886
2304,223654.83177770517
2305,191134.4913018996
2306,195957.67651436868
2307,192893.99577405522
2308,219574.8073127189
2309,279251.7527835581
2310,271117.78042300034
2311,178541.2832922869
2312,167925.89415311613
2313,180979.17660669176
2314,171731.9995394773
2315,159404.97190275395
2316,185563.90962558446
2317,174218.05435076175
2318,174674.4542933661
2319,175062.19911489685
2320,185898.42285352093
2321,245106.27123332315
2322,164359.75227607792
2323,181218.40487090842
2324,169653.3876441532
2325,224828.7511537645
2326,164313.04576968832
2327,214758.5172950298
2328,220593.19849787882
2329,190056.3994355498
2330,173014.43623747653
2331,376328.6398092836
2332,435292.4652382925
2333,306210.8097129887
2334,264068.97870789794
2335,266250.858580025
2336,335449.89027363213
2337,213524.79838293287
2338,297181.4475626147
2339,235454.54013282058
2340,359882.1640575368
2341,189304.96015382858
2342,225660.83572371694
2343,240154.13745345626
2344,253511.9508187559
2345,239138.32859636683
2346,226854.16510210145
2347,203494.3672148858
2348,236712.28833953905
2349,162295.55557472794
2350,290069.37839660654
2351,259462.64354553394
2352,238753.77650302395
2353,214578.31638909207
2354,123699.6910614345
2355,140956.80101120344
2356,158793.03199648845
2357,205024.37594900717
2358,186625.95506178634
2359,125085.01771407425
2360,128237.65366692409
2361,130661.06655878302
2362,255539.12560019182
2363,132595.1935758036
2364,142118.63206473496
2365,241073.90157512738
2366,206714.72376478254
2367,250869.29972146123
2368,208840.3488415486
2369,220570.50724603358
2370,171597.88484136312
2371,177506.5899786444
2372,171475.48333646817
2373,232192.27484127373
2374,318760.6312760985
2375,252679.0148022853
2376,304921.4519065408
2377,367546.8937765006
2378,152897.87671895997
2379,210310.34921999578
2380,156954.41620333082
2381,159609.76276102418
2382,197217.9235147165
2383,200419.65565456895
2384,237232.85127017574
2385,159370.11345555863
2386,145693.44075435158
2387,150197.48882281518
2388,104402.50071622772
2389,127015.76695986919
2390,155166.8565790145
2391,139182.40282682158
2392,112179.39174988966
2393,154003.77053730763
2394,148914.07999000966
2395,201537.9355643346
2396,157021.4943796365
2397,184604.82848996427
2398,123308.85552277848
2399,55736.24864383303
2400,51766.47634653537
2401,113007.53957672144
2402,136962.50803470897
2403,134506.96495096298
2404,154728.51644013892
2405,170955.1756487218
2406,140446.80905850348
2407,126268.8170318199
2408,142519.71719029333
2409,147532.0433241597
2410,157161.0798195988
2411,121603.57357539896
2412,152843.85376504663
2413,138015.86642281176
2414,148006.13918188962
2415,125143.64474526136
2416,129473.05075575729
2417,128850.92977314895
2418,128429.1563956052
2419,133786.54029973992
2420,124643.84617118837
2421,138705.92019610133
2422,118619.74967190764
2423,112622.57614528337
2424,132049.33278396074
2425,173648.33622820833
2426,104416.44440136672
2427,126255.27839327515
2428,183625.5566924307
2429,112929.63455564674
2430,129548.91338189166
2431,129350.51378214658
2432,144261.33550360965
2433,145157.16939120612
2434,136553.52432644687
2435,144453.04646671293
2436,109387.95841720146
2437,124406.18633621857
2438,130396.90001485676
2439,110236.76084423371
2440,122855.41370687494
2441,82088.48445319005
2442,110366.93186453028
2443,116829.44708587839
2444,118526.32724555985
2445,104227.49079298862
2446,117406.71346461112
2447,205851.20974952658
2448,137446.69186224276
2449,104579.9296177243
2450,156859.84909560447
2451,126193.4676614276
2452,202728.8625540075
2453,99982.44637697954
2454,143981.64401332045
2455,99904.29196166161
2456,130938.9204571056
2457,122374.48203586778
2458,95513.18054370447
2459,108017.04376882262
2460,144929.23572631163
2461,126887.13375463219
2462,148550.57357548812
2463,120856.8676126395
2464,163788.98654568
2465,126365.62455107986
2466,112257.32027936188
2467,168655.67421760998
2468,95787.6559611309
2469,83910.829235725
2470,182290.27433968437
2471,194671.7791744753
2472,167553.15764599468
2473,105408.57702577037
2474,94181.0160658576
2475,215337.6412889087
2476,125402.85017718123
2477,130807.2579502281
2478,150703.15929972407
2479,109894.74216330826
2480,131921.1680321372
2481,125623.41096915722
2482,120733.47501984393
2483,119641.37414394456
2484,119116.89786654935
2485,123763.44077239963
2486,143500.64368819087
2487,176270.7152888842
2488,158759.84817109688
2489,149196.8243705173
2490,141709.54273324925
2491,92050.8624195128
2492,189604.81043024783
2493,151678.53404167286
2494,139914.31683555688
2495,89554.91566827176
2496,264363.67146349605
2497,142882.86342508852
2498,119561.24989926725
2499,92550.89012402837
2500,139083.6553085849
2501,128504.19907670154
2502,149339.49218984254
2503,87057.34457819552
2504,158174.39436936888
2505,227705.66085247172
2506,254650.7724638055
2507,329898.9922709096
2508,248699.58905249057
2509,216404.3293286742
2510,247498.59006408474
2511,185501.69784055077
2512,221383.1856477831
2513,216389.55463852777
2514,290078.7403943053
2515,149486.379947939
2516,161791.36822989868
2517,133131.2297065427
2518,145372.100809475
2519,236849.54083704884
2520,211797.5692464957
2521,187349.09297409403
2522,220078.97360191285
2523,126557.54610936553
2524,145417.38621671914
2525,142335.83939209164
2526,145289.8525319717
2527,128165.38811314014
2528,126744.73946291136
2529,137844.0909594548
2530,129688.29310867199
2531,248739.77140214463
2532,229254.0299455901
2533,202115.3441429302
2534,244154.23966991808
2535,313242.94285475975
2536,243676.3606681749
2537,210273.60603962655
2538,175940.0253359203
2539,183046.29274537624
2540,178511.27650510301
2541,179536.44352541756
2542,171615.30816180582
2543,123809.09242511715
2544,113890.94860285091
2545,123456.68875833364
2546,141563.1229257725
2547,129127.83284176688
2548,147392.71965361063
2549,160323.38633948052
2550,265883.9493540235
2551,148876.9177435687
2552,129323.99410275379
2553,82270.81127051801
2554,88125.09918128316
2555,114033.06901227239
2556,100739.87931299189
2557,102909.63254976222
2558,127036.38054843953
2559,139753.41275746777
2560,161948.05480230713
2561,154222.93338220884
2562,161998.46793904458
2563,166592.0780497857
2564,172789.15794835854
2565,136483.70106598138
2566,201802.36255948106
2567,140340.35541352202
2568,197726.36362779452
2569,190353.8143836323
2570,139028.48932924273
2571,189022.17863128395
2572,187236.44982472248
2573,221381.66356718857
2574,266102.93447240547
2575,136316.11008888713
2576,128522.9372690344
2577,167991.2918884826
2578,85486.33753311596
2579,82790.91592126155
2580,136106.44742951627
2581,106305.93390224928
2582,106947.45333002217
2583,291851.30325799785
2584,165214.8413943858
2585,177467.53920142783
2586,188991.5954138004
2587,180412.05481037815
2588,145620.3290970906
2589,141176.2539202255
2590,204458.36777519088
2591,224386.61370266665
2592,240007.78930243815
2593,282535.45119006396
2594,184174.77315849272
2595,214569.12721756354
2596,315161.1858214253
2597,184247.84617782105
2598,299052.39500161057
2599,303356.9872697461
2600,136199.94302913148
2601,141922.9227458786
2602,85848.82359424562
2603,88805.53266182395
2604,85041.36834703946
2605,82488.87665288313
2606,142759.59309092813
2607,171031.0444283047
2608,181439.1710327319
2609,165718.12583925485
2610,115492.84213385366
2611,140054.4916530737
2612,155007.00527137372
2613,123516.37227236763
2614,124016.4857932122
2615,151290.2589612282
2616,137321.29041388576
2617,143810.65007799634
2618,167013.59404570385
2619,240097.47245751758
2620,188589.50894389828
2621,185261.89466187265
2622,181704.3947377675
2623,236529.21387686694
2624,283412.1319352351
2625,329857.58921164164
2626,167791.04509337977
2627,178199.73594955195
2628,438696.0783803235
2629,492644.82115809177
2630,386010.1463688406
2631,484884.61233774706
2632,421982.68769597425
2633,324349.8562503346
2634,374035.65225947544
2635,166252.34025683557
2636,185588.859510904
2637,185392.73426679123
2638,261232.6299889831
2639,199464.77920432258
2640,152550.32809016696
2641,114769.62349805441
2642,186059.9484702327
2643,105692.36244976634
2644,124111.57558611243
2645,101827.5903470259
2646,99876.1283478107
2647,102103.9049022366
2648,136449.22420765788
2649,158620.44041206912
2650,149148.9651265688
2651,150635.01497036172
2652,466305.78258009156
2653,261623.6184600322
2654,260785.84900202136
2655,366786.28425141895
2656,302914.5087872499
2657,323122.56364724255
2658,261230.0843050221
2659,295419.8848276507
2660,367761.50806508306
2661,353298.0812700787
2662,323101.67179088516
2663,267907.5419789482
2664,276332.51986979257
2665,333307.91197006847
2666,291740.2346189149
2667,168062.61077619198
2668,171836.25314416207
2669,172717.86122950361
2670,255827.37441440744
2671,167607.65886291294
2672,188832.97530727304
2673,206754.19098634712
2674,192954.43779055003
2675,172522.78521891785
2676,189203.64296282997
2677,204329.70751853817
2678,256807.53810408185
2679,286694.7704688652
2680,266465.99159898784
2681,437490.4871908204
2682,293072.0934346404
2683,603180.7268181047
2684,316274.35580024705
2685,308148.1549788696
2686,266866.1486591276
2687,281881.43824831146
2688,214920.5144702555
2689,221499.1208147517
2690,445421.3137848035
2691,198849.62629989514
2692,143587.16336489626
2693,184585.02178804367
2694,121485.2937415733
2695,186830.97479900767
2696,183699.3175973288
2697,188403.77057859002
2698,188631.23566248044
2699,175296.5173219702
2700,166829.68429760754
2701,145141.68984285078
2702,130041.47685670966
2703,127521.47156010139
2704,142176.83372433722
2705,127813.10183244718
2706,121155.55301354811
2707,126529.40184287062
2708,132577.87334956933
2709,100833.49863922715
2710,120725.35890379814
2711,289906.68262433785
2712,358383.74066764646
2713,171832.34361025633
2714,147406.39886212308
2715,174486.97312915488
2716,168717.42042508026
2717,190386.31053135346
2718,216569.1259192148
2719,141738.1931325537
2720,154606.3684918851
2721,142368.93903464457
2722,163187.18518479075
2723,139581.61332324782
2724,127739.1926489131
2725,137356.5268666035
2726,152212.79251200837
2727,162749.73768190952
2728,174112.74116160563
2729,155239.2902362585
2730,145682.3826993216
2731,109275.54236886321
2732,123798.07507542365
2733,165263.22332815037
2734,146132.69478410677
2735,133320.80733743013
2736,127813.16375105729
2737,120513.45610092065
2738,132980.14181054776
2739,168654.42881873186
2740,136818.85136893624
2741,157611.13656334876
2742,151085.37197149306
2743,146314.55905720728
2744,150730.1259909754
2745,138858.41935619948
2746,139534.20744032977
2747,148632.31447455194
2748,120581.58309517783
2749,129561.15431618514
2750,131376.2190766205
2751,124305.3660616396
2752,229872.14312921953
2753,142396.61960681953
2754,177391.03443503173
2755,135136.4204222407
2756,80864.5036707445
2757,61882.764597339294
2758,82546.71038842898
2759,156019.92445023652
2760,119726.63452918247
2761,151899.97428167565
2762,152696.61044623645
2763,168167.81044475595
2764,161162.24055507767
2765,278055.55440610246
2766,129311.93897931019
2767,87730.2653520699
2768,112950.38337804851
2769,139251.15331058344
2770,148912.35396070906
2771,107167.87997277135
2772,116532.97228416541
2773,134968.12914716592
2774,139593.93990593174
2775,110027.36830384452
2776,143474.69658624934
2777,149318.57963981252
2778,125074.66333205353
2779,115614.31428597217
2780,92078.09572186891
2781,91648.00254698312
2782,97567.1832375679
2783,102607.24810201697
2784,116167.19811265661
2785,138475.00444052005
2786,73118.90613208577
2787,118418.37204681836
2788,91264.52636245677
2789,197738.45618673714
2790,89888.6126341487
2791,116667.6037660593
2792,57643.25818949386
2793,186060.0557600955
2794,98556.14054649086
2795,110948.67515503561
2796,94076.37712527254
2797,173340.2022946108
2798,106206.99003284724
2799,121208.60179660002
2800,69603.20272931039
2801,109819.49742203693
2802,137208.913139874
2803,153850.8933586493
2804,130098.10385077794
2805,99240.03973777287
2806,102339.7792999763
2807,153730.9891255269
2808,150483.58341301614
2809,131555.71017271292
2810,135189.68085652115
2811,154046.79552641208
2812,142335.51235248888
2813,142795.52005651483
2814,161048.30238280343
2815,85639.06495531063
2816,268989.2646419154
2817,141832.3348462624
2818,124503.77702043475
2819,184751.86682962914
2820,135703.411384372
2821,105911.76487473791
2822,181813.48070277917
2823,232600.43134827912
2824,178555.38547342084
2825,144507.79508349928
2826,125826.62954418508
2827,122774.4542017991
2828,194061.08934479335
2829,174938.411065479
2830,228010.5050123957
2831,188371.5329431429
2832,212123.48520430273
2833,310474.68594613875
2834,231242.3975195633
2835,245599.84776465918
2836,193567.2664131681
2837,159032.3888191284
2838,144310.50405115524
2839,175266.56148022076
2840,191289.32869233386
2841,206462.15744014992
2842,215618.69799196848
2843,163749.9473602962
2844,172266.70754846674
2845,119242.89110737247
2846,212345.64382336763
2847,213476.70872388443
2848,212038.6060424781
2849,204810.19060148255
2850,251846.95671478185
2851,211421.99798815057
2852,210988.692297358
2853,248489.10493996504
2854,136072.86127161104
2855,186775.39421550554
2856,205674.51007995947
2857,188973.01402482367
2858,184922.16995869885
2859,120025.00854764988
2860,123343.66343504569
2861,141233.11033327936
2862,198324.70120164068
2863,130687.36152745361
2864,233369.08172631892
2865,139498.36692026915
2866,133710.150203762
2867,90381.73396106852
2868,107645.41241384468
2869,103260.36563894925
2870,131666.14244111473
2871,109256.02378942049
2872,45700.637000510724
2873,101195.40765133438
2874,130448.6891409254
2875,113779.46921902405
2876,166185.14424121878
2877,126426.1329275185
2878,166188.24524510786
2879,121611.87599375674
2880,117584.3426228485
2881,153138.1347264673
2882,177463.42019641065
2883,171660.2082447186
2884,210945.69309509653
2885,190125.87123604747
2886,206101.00919138282
2887,75075.75978653126
2888,126290.12960181605
2889,51252.14725184178
2890,87155.12816877685
2891,138079.98435911382
2892,47259.052676161606
2893,89993.49288839147
2894,47395.97260060776
2895,331041.4128151485
2896,272114.7038453703
2897,190579.18705245215
2898,155838.41869940888
2899,216315.5002915959
2900,160118.15827374771
2901,199990.72945825712
2902,175095.72507615137
2903,348351.7244114235
2904,342037.8791708721
2905,100935.61584350817
2906,198502.4960149691
2907,114824.32053404434
2908,131830.2007322304
2909,164453.31740632417
2910,81351.69961741954
2911,82026.6536080214
2912,159412.60584741394
2913,86358.61858733084
2914,75136.92416925143
2915,77428.38680304695
2916,83481.29431910682
2917,132557.53115802133
2918,112391.54545930933
2919,207256.26829634677
